# Time-averaged data for fix msd_out
# TimeStep c_msd_li[1] c_msd_li[2] c_msd_li[3] c_msd_li[4]
0 4.22917e-30 1.44073e-30 4.82499e-32 5.71815e-30
1000 0.111271 0.168844 0.869928 1.15004
2000 0.153944 0.247238 1.01304 1.41422
3000 0.154436 0.294617 1.37582 1.82487
4000 0.224207 0.311686 1.80658 2.34248
5000 0.180222 0.321996 2.47434 2.97655
6000 0.254108 0.445075 3.02364 3.72282
7000 0.308575 0.540274 2.67765 3.5265
8000 0.303406 0.667206 2.81096 3.78157
9000 0.292444 0.58958 3.51687 4.39889
10000 0.30343 0.52704 4.01235 4.84282
11000 0.33641 0.603891 4.89482 5.83512
12000 0.343736 0.534561 4.84607 5.72437
13000 0.572832 0.598476 4.981 6.15231
14000 0.394144 0.68742 4.98853 6.0701
15000 0.459844 0.702578 5.50539 6.66781
16000 0.562848 0.897852 6.26421 7.72491
17000 0.525279 0.914084 6.05611 7.49547
18000 0.42045 0.830991 5.66433 6.91577
19000 0.517847 0.855831 6.10154 7.47522
20000 0.401215 0.979894 6.84544 8.22655
21000 0.465084 0.952795 6.48194 7.89982
22000 0.514567 0.974774 6.74422 8.23356
23000 0.459066 1.04187 6.69342 8.19436
24000 0.505377 1.09882 8.20182 9.80601
25000 0.53058 1.19849 8.72576 10.4548
26000 0.773463 1.07136 9.51895 11.3638
27000 0.7419 1.07189 9.64487 11.4587
28000 0.783332 1.37332 9.2465 11.4032
29000 0.670879 1.40033 9.49637 11.5676
30000 0.634659 1.51997 10.198 12.3526
31000 0.746593 1.83641 9.6256 12.2086
32000 0.873163 1.71231 10.9076 13.4931
33000 0.832044 1.70586 11.504 14.0419
34000 0.74075 1.86866 12.8638 15.4732
35000 0.755989 1.69751 13.8109 16.2644
36000 0.941559 1.67829 13.7984 16.4182
37000 0.814239 1.91097 15.4698 18.195
38000 0.898333 1.86776 14.7399 17.506
39000 0.829052 1.81895 15.2392 17.8872
40000 0.941976 2.09267 15.3979 18.4325
41000 0.760387 2.04747 17.1006 19.9085
42000 0.976482 2.14965 16.8594 19.9855
43000 0.899589 2.09269 17.8238 20.8161
44000 0.909418 2.23433 19.0716 22.2153
45000 0.965334 1.92376 20.4591 23.3482
46000 1.08146 2.13683 18.3864 21.6047
47000 1.00915 2.14866 19.1509 22.3087
48000 1.01557 2.16996 18.7222 21.9077
49000 1.09404 1.88659 17.8067 20.7873
50000 1.37625 2.27439 18.3792 22.0298
51000 1.37635 2.10628 20.1717 23.6544
52000 1.57387 2.156 19.6963 23.4262
53000 1.61973 2.27459 20.4703 24.3646
54000 1.40961 2.29264 20.3401 24.0423
55000 1.58689 2.57382 20.0446 24.2053
56000 1.72322 2.53207 20.8174 25.0726
57000 1.63576 2.83922 21.4506 25.9256
58000 1.71094 3.03978 20.1129 24.8636
59000 1.45662 3.07645 19.8693 24.4023
60000 1.5083 3.19056 19.9258 24.6247
61000 1.37331 3.32433 19.6914 24.3891
62000 1.34398 3.2877 18.4916 23.1232
63000 1.56404 3.14664 17.4831 22.1938
64000 1.50827 3.21885 19.7365 24.4636
65000 1.69584 3.24587 21.0729 26.0146
66000 1.76191 3.35877 21.4279 26.5486
67000 1.758 3.48856 21.1111 26.3576
68000 1.82262 3.44518 20.4194 25.6872
69000 1.86415 3.4093 21.0575 26.331
70000 1.86119 3.4735 22.0973 27.432
71000 2.0963 4.19989 21.9021 28.1983
72000 2.20496 4.08494 21.4822 27.7721
73000 2.55378 4.46376 22.903 29.9205
74000 2.42844 4.18031 22.2281 28.8368
75000 2.6856 4.14171 22.2328 29.0601
76000 2.8204 4.59747 22.956 30.3738
77000 2.90353 4.16962 23.0193 30.0924
78000 3.21763 3.93735 23.116 30.2709
79000 3.61263 4.13278 24.6395 32.3849
80000 3.52228 4.62024 24.4104 32.5529
81000 3.39894 4.48643 23.5193 31.4047
82000 3.91737 4.39735 22.805 31.1197
83000 4.16983 4.44038 22.4083 31.0185
84000 3.83603 4.61764 22.5178 30.9714
85000 3.87315 4.46382 23.0997 31.4367
86000 4.28107 4.24238 22.4718 30.9953
87000 3.8332 4.16051 22.9539 30.9476
88000 3.89147 4.05953 23.6975 31.6485
89000 3.92266 4.34866 22.2818 30.5531
90000 3.99394 4.2552 22.1327 30.3818
91000 3.94459 4.89331 22.2575 31.0954
92000 4.02421 4.86576 21.7681 30.658
93000 4.06661 4.98644 23.0441 32.0971
94000 3.84964 5.3678 24.0749 33.2923
95000 4.55588 5.12611 24.3377 34.0197
96000 4.775 5.51838 24.4098 34.7031
97000 5.44984 5.26204 25.2267 35.9386
98000 5.16596 5.44484 25.1548 35.7657
99000 5.49265 5.5771 24.8713 35.9411
100000 5.27013 5.34259 25.4559 36.0686
101000 5.17867 5.06377 26.4264 36.6689
102000 5.2719 5.26324 26.0036 36.5387
103000 5.00872 5.08711 25.3493 35.4452
104000 4.93879 5.38109 24.8891 35.209
105000 5.67963 5.19888 25.293 36.1715
106000 5.99997 5.33459 24.7427 36.0772
107000 5.86951 5.77209 24.7404 36.382
108000 5.70195 5.81139 25.7279 37.2412
109000 5.69158 6.25394 24.9932 36.9387
110000 6.00956 6.1863 26.1193 38.3152
111000 5.995 6.03621 27.5623 39.5935
112000 6.24607 6.23503 29.8054 42.2865
113000 6.42201 6.21954 30.6878 43.3294
114000 6.27423 6.05837 31.4915 43.8241
115000 6.34799 6.26915 30.8625 43.4796
116000 7.12371 6.43957 30.5003 44.0635
117000 6.53099 5.98466 30.9001 43.4157
118000 6.79654 5.98349 30.8725 43.6526
119000 6.62681 6.44461 30.4602 43.5316
120000 6.82427 6.50495 29.0598 42.3891
121000 6.99492 6.44763 28.776 42.2186
122000 6.46222 6.28947 29.0941 41.8458
123000 6.21127 6.32141 30.1422 42.6749
124000 6.67864 6.64905 29.9786 43.3063
125000 6.36584 6.83635 30.7061 43.9083
126000 6.28561 6.79783 31.3456 44.429
127000 6.64012 7.46906 31.494 45.6031
128000 6.84042 7.6944 32.2411 46.7759
129000 7.01785 7.57596 31.7881 46.3819
130000 6.84508 7.19252 32.3603 46.3979
131000 7.13226 7.58195 33.3308 48.045
132000 6.82451 7.31016 31.0264 45.161
133000 6.8736 7.13135 31.8995 45.9044
134000 7.06847 7.47968 33.3779 47.9261
135000 6.88041 7.52628 34.1482 48.5549
136000 7.39774 7.27729 35.3492 50.0243
137000 7.42231 7.15336 34.8386 49.4143
138000 7.06532 7.09163 34.7891 48.9461
139000 6.72494 7.36665 37.2504 51.3419
140000 6.88178 7.14108 39.6155 53.6384
141000 6.97922 7.27617 40.0271 54.2825
142000 6.90331 7.20967 41.5929 55.7059
143000 7.05659 7.17299 42.1053 56.3349
144000 7.03757 7.23485 43.6985 57.9709
145000 6.89234 7.54779 42.8549 57.295
146000 7.19784 7.30448 44.1238 58.6261
147000 6.76684 7.26229 42.641 56.6701
148000 6.67579 7.35783 44.7399 58.7735
149000 6.79549 7.22526 45.2288 59.2496
150000 7.1036 7.45918 46.4862 61.049
151000 7.21437 7.22212 43.8901 58.3266
152000 7.31329 7.29967 42.4731 57.086
153000 7.47369 7.09423 42.2042 56.7721
154000 7.9423 7.30035 43.5753 58.818
155000 8.08013 6.70247 42.0751 56.8577
156000 8.18154 6.55405 41.9877 56.7233
157000 7.82224 6.77534 42.8697 57.4672
158000 8.15643 6.77653 42.3216 57.2546
159000 8.02916 6.63686 44.4263 59.0924
160000 7.81634 6.78634 45.1042 59.7069
161000 8.12649 6.86705 44.3107 59.3043
162000 7.96774 6.79828 43.8248 58.5908
163000 7.6277 6.99236 45.8039 60.424
164000 7.33645 6.83473 45.6109 59.7821
165000 7.25194 7.14521 46.3722 60.7693
166000 7.50995 6.76193 44.8194 59.0913
167000 7.31665 7.42232 44.5286 59.2675
168000 7.35798 7.32528 44.0568 58.74
169000 7.24098 7.56504 44.4619 59.2679
170000 7.67862 7.90514 44.7648 60.3485
171000 7.67053 7.64009 47.5254 62.836
172000 7.91266 7.96203 48.3594 64.2341
173000 7.64217 7.89931 47.9788 63.5202
174000 8.05263 8.02724 48.3154 64.3953
175000 8.30294 8.22634 50.7986 67.3279
176000 8.04863 8.56679 51.0149 67.6304
177000 8.059 8.1332 52.1267 68.3189
178000 7.89272 8.37138 52.0374 68.3015
179000 7.68552 8.03769 52.849 68.5722
180000 7.77059 8.25382 52.8388 68.8632
181000 8.45852 8.17671 53.4435 70.0787
182000 8.3632 8.50781 53.6207 70.4918
183000 8.45067 8.48445 53.3174 70.2525
184000 8.45901 8.70206 52.0822 69.2433
185000 8.43281 8.56297 51.6487 68.6444
186000 8.46128 9.09468 53.2991 70.8551
187000 8.28751 9.24974 53.0342 70.5715
188000 8.32621 8.82211 53.6428 70.7911
189000 8.60457 9.12266 53.8038 71.531
190000 7.76273 9.08592 52.8808 69.7295
191000 8.01777 8.67719 52.0126 68.7076
192000 8.29206 8.96367 53.3902 70.646
193000 7.95482 8.71981 53.3957 70.0704
194000 8.17488 8.92555 52.2024 69.3028
195000 8.35501 9.08536 54.0109 71.4513
196000 8.58982 10.0573 53.7118 72.3588
197000 8.78725 10.2183 54.7189 73.7245
198000 8.03021 9.86499 57.2391 75.1343
199000 7.70162 10.4367 55.5843 73.7226
200000 8.06622 10.6965 56.6911 75.4539
201000 8.11737 10.5891 56.7232 75.4297
202000 8.50965 11.1441 55.9509 75.6046
203000 8.43282 10.7996 55.0504 74.2829
204000 8.20564 11.0095 56.3913 75.6064
205000 8.23836 11.3367 57.1131 76.6881
206000 8.17828 11.0821 56.7201 75.9805
207000 7.69712 11.4606 55.3438 74.5015
208000 7.66206 11.7809 56.5569 75.9999
209000 7.57178 11.4726 56.674 75.7183
210000 7.76768 11.9373 56.6598 76.3648
211000 7.45051 11.024 58.683 77.1576
212000 7.37248 10.9372 57.5473 75.857
213000 7.61746 10.3438 57.4186 75.3798
214000 7.76557 10.7128 57.7237 76.2021
215000 7.27571 10.938 57.7423 75.956
216000 7.37271 10.6779 56.6435 74.6941
217000 7.38009 10.913 57.1577 75.4507
218000 7.74776 10.6184 59.1103 77.4764
219000 7.71833 10.5777 59.9733 78.2693
220000 7.42279 10.6196 62.1903 80.2327
221000 7.25225 10.2057 61.6776 79.1355
222000 7.54669 11.8712 60.8133 80.2311
223000 7.27378 10.9957 61.6259 79.8953
224000 7.74486 11.0513 62.0916 80.8877
225000 7.66082 11.4268 64.2009 83.2885
226000 7.25581 10.8694 65.9996 84.1249
227000 7.55992 11.955 64.1702 83.6851
228000 7.57236 11.6591 63.4908 82.7223
229000 7.24573 11.556 65.0942 83.8959
230000 6.99966 11.95 62.6181 81.5678
231000 7.34326 12.0246 60.8954 80.2633
232000 7.41184 12.2962 62.561 82.269
233000 6.94558 12.5525 63.1802 82.6783
234000 6.91633 11.8146 61.0125 79.7434
235000 7.06705 11.7752 60.1592 79.0014
236000 7.2033 11.2565 62.3427 80.8025
237000 7.40776 11.8557 62.699 81.9625
238000 7.21611 11.8714 62.4311 81.5186
239000 7.39421 11.7477 63.3179 82.4599
240000 7.48569 11.8177 64.2624 83.5658
241000 7.12782 11.3311 62.8642 81.3231
242000 7.26588 11.5008 62.9878 81.7544
243000 7.11925 11.7085 62.8984 81.7261
244000 7.29256 11.1502 65.0441 83.4869
245000 7.57831 11.599 63.9348 83.1122
246000 7.59683 11.9964 64.7703 84.3635
247000 7.03248 11.5483 65.5845 84.1653
248000 7.15828 11.5509 65.3404 84.0496
249000 7.05767 11.7131 64.2711 83.0418
250000 7.74518 12.1135 64.6036 84.4623
251000 7.58943 12.1196 65.7104 85.4195
252000 7.68042 11.3225 66.9131 85.916
253000 7.79458 11.8081 65.9425 85.5452
254000 8.07196 12.2529 64.4196 84.7445
255000 8.34304 12.4779 64.4527 85.2736
256000 8.32866 12.6216 64.2866 85.2369
257000 8.66796 12.9875 65.1113 86.7668
258000 8.66004 13.8492 65.5283 88.0376
259000 8.43988 12.9856 67.8383 89.2638
260000 8.51293 12.9754 69.1746 90.6629
261000 8.82917 13.2445 69.1443 91.218
262000 8.31695 13.9932 71.0635 93.3736
263000 8.79044 14.1454 71.7564 94.6923
264000 8.98381 14.8487 71.1921 95.0246
265000 8.13925 14.3838 71.079 93.602
266000 8.72695 14.6641 72.9394 96.3305
267000 8.44745 14.7907 72.567 95.8052
268000 9.17371 14.5492 72.7489 96.4718
269000 9.45292 14.4407 75.0234 98.917
270000 9.51218 14.1678 77.1871 100.867
271000 8.96969 14.2991 74.8378 98.1066
272000 8.89921 14.0474 76.9785 99.9251
273000 8.94277 14.7418 74.2906 97.9752
274000 9.07323 14.2528 75.0243 98.3504
275000 8.95242 14.5319 74.3895 97.8739
276000 9.12388 14.3738 75.0028 98.5004
277000 8.99082 14.6661 75.499 99.1559
278000 9.23293 13.877 76.3399 99.4498
279000 8.86277 14.1449 79.8453 102.853
280000 9.03932 14.1619 79.5263 102.728
281000 8.85602 13.9507 78.2156 101.022
282000 8.82992 13.7981 79.7535 102.382
283000 8.89292 14.0294 78.9555 101.878
284000 8.79821 13.8265 77.2631 99.8878
285000 9.37292 13.9828 77.1601 100.516
286000 8.91505 14.0591 78.805 101.779
287000 8.8559 14.5117 80.1942 103.562
288000 8.87882 14.0383 79.9544 102.872
289000 8.86536 13.8796 78.4964 101.241
290000 9.42352 14.3685 78.4198 102.212
291000 9.87571 14.3977 76.5328 100.806
292000 9.94117 13.8066 74.0855 97.8333
293000 9.93779 14.2193 76.2216 100.379
294000 10.0053 14.5652 75.0355 99.6059
295000 9.7125 14.8581 74.6345 99.2052
296000 9.89982 15.2508 74.8466 99.9972
297000 9.8005 14.4571 75.5885 99.846
298000 9.46183 14.8382 75.3192 99.6193
299000 9.85344 14.4052 78.0804 102.339
300000 9.75276 14.5103 77.8627 102.126
301000 9.98531 15.0849 78.1607 103.231
302000 9.57006 15.0072 76.218 100.795
303000 9.49101 14.9122 77.7817 102.185
304000 9.7974 15.3753 78.3802 103.553
305000 9.58897 15.0392 76.7951 101.423
306000 9.2401 15.5006 75.5217 100.262
307000 9.34043 16.1568 78.5345 104.032
308000 9.82178 16.4682 78.4732 104.763
309000 9.68445 16.7681 79.2203 105.673
310000 9.77312 15.785 75.3403 100.898
311000 9.80847 16.6576 74.8864 101.352
312000 9.37168 15.4297 77.0632 101.865
313000 9.34195 15.4241 77.0132 101.779
314000 9.867 15.8955 76.6061 102.369
315000 9.84388 15.6701 75.9473 101.461
316000 9.53532 15.1473 76.213 100.896
317000 9.7677 15.0042 77.9225 102.694
318000 10.2574 15.4196 79.403 105.08
319000 9.65995 16.0514 76.645 102.356
320000 10.1445 15.5513 76.8042 102.5
321000 9.76075 15.8429 77.0017 102.605
322000 9.46179 15.8202 78.5114 103.793
323000 9.48614 15.5027 79.8857 104.875
324000 9.4782 15.6656 80.3395 105.483
325000 9.48299 15.3526 77.4691 102.305
326000 9.98587 15.5614 79.7796 105.327
327000 9.3037 15.1637 83.2414 107.709
328000 9.958 15.5977 83.5801 109.136
329000 10.237 15.4035 83.946 109.587
330000 10.1334 15.6595 85.8743 111.667
331000 10.1697 15.3979 84.1544 109.722
332000 10.2927 16.0337 86.4211 112.748
333000 10.5568 15.6029 84.1652 110.325
334000 10.3469 15.9968 86.4397 112.783
335000 11.3682 15.2365 86.4374 113.042
336000 11.0297 15.6493 86.5158 113.195
337000 11.1125 15.4512 90.9697 117.533
338000 11.4928 15.9261 92.0763 119.495
339000 11.8953 15.967 91.1865 119.049
340000 12.0288 15.0725 91.3849 118.486
341000 12.0171 15.9047 92.4167 120.339
342000 11.8581 15.7008 91.472 119.031
343000 11.9192 15.4592 91.0261 118.404
344000 12.106 16.034 91.1854 119.325
345000 12.0263 15.9946 93.5864 121.607
346000 12.0947 15.6072 95.9501 123.652
347000 12.1854 15.6984 94.3651 122.249
348000 12.0465 15.7542 92.4192 120.22
349000 12.3044 15.86 93.1562 121.321
350000 12.3009 15.6508 92.9751 120.927
351000 12.4789 15.2582 94.0151 121.752
352000 12.5754 15.2602 93.4203 121.256
353000 12.2894 15.4186 91.1642 118.872
354000 12.5854 15.7525 93.1928 121.531
355000 12.6572 15.5345 90.7029 118.895
356000 12.413 15.3381 89.3638 117.115
357000 12.3616 15.2038 85.1406 112.706
358000 12.3099 15.5254 86.2368 114.072
359000 12.2064 15.625 88.5908 116.422
360000 11.9657 15.3488 90.0009 117.315
361000 12.0232 15.2803 91.2037 118.507
362000 12.6441 15.4702 92.0746 120.189
363000 11.7387 15.1648 93.3732 120.277
364000 11.8069 15.3448 94.1501 121.302
365000 11.5685 16.1659 93.7089 121.443
366000 11.5748 16.7896 94.579 122.943
367000 11.741 15.9079 93.4827 121.132
368000 12.1573 17.4592 92.3015 121.918
369000 11.92 16.9689 94.0114 122.9
370000 12.0238 16.7618 96.1099 124.896
371000 12.2734 16.5097 99.0667 127.85
372000 12.166 16.414 99.5489 128.129
373000 12.3541 16.4168 100.154 128.924
374000 12.6681 17.1356 95.8981 125.702
375000 12.2709 17.0461 99.2549 128.572
376000 12.4449 17.3507 98.5465 128.342
377000 12.9169 18.0123 99.4685 130.398
378000 12.8835 18.0731 96.7733 127.73
379000 12.3815 17.7518 96.0493 126.183
380000 12.036 17.796 95.1453 124.977
381000 12.0819 17.8038 95.2416 125.127
382000 12.1417 18.3623 97.2173 127.721
383000 12.8764 18.7294 97.7899 129.396
384000 12.6335 19.1792 99.2459 131.059
385000 12.8095 19.8906 99.7318 132.432
386000 12.8453 20.2019 99.8914 132.939
387000 11.9324 20.3684 102.617 134.918
388000 12.9854 19.1945 103.164 135.344
389000 12.3715 19.9592 102.494 134.825
390000 12.1544 19.9613 105.354 137.469
391000 12.9351 19.7026 101.173 133.811
392000 12.6378 19.978 103.504 136.12
393000 12.2147 20.5201 100.679 133.413
394000 12.6049 20.3506 100.11 133.065
395000 12.3787 20.4091 104.565 137.353
396000 12.4421 21.0966 104.186 137.725
397000 12.2296 20.888 103.197 136.315
398000 12.3034 20.8986 104.666 137.868
399000 12.0243 21.2324 106.64 139.897
400000 12.2765 21.6422 105.658 139.577
401000 12.203 21.3389 105.362 138.904
402000 11.9679 21.3568 104.503 137.828
403000 12.7409 22.1213 104.474 139.336
404000 12.5305 21.3073 107.33 141.168
405000 12.7292 21.6749 108.107 142.511
406000 12.4175 21.7662 111.143 145.327
407000 12.0538 21.6797 112.464 146.197
408000 12.7413 22.7173 111.191 146.65
409000 12.6078 22.0372 108.893 143.538
410000 12.8727 22.0198 106.859 141.751
411000 12.3399 22.5341 106.015 140.889
412000 12.3595 22.687 103.331 138.377
413000 12.3009 23.1968 105.641 141.139
414000 12.0635 23.2937 104.733 140.09
415000 12.739 23.1724 104.592 140.503
416000 12.7098 22.3961 102.341 137.447
417000 12.6854 22.9498 106.903 142.539
418000 12.725 23.1512 105.144 141.02
419000 12.8655 22.546 105.804 141.215
420000 12.7438 22.6903 105.436 140.87
421000 13.4276 22.8427 102.944 139.215
422000 12.8254 25.746 102.165 140.737
423000 12.3229 25.3294 104.824 142.477
424000 12.6247 24.2444 105.648 142.517
425000 12.4609 24.8752 107.488 144.824
426000 12.408 25.1918 106.102 143.702
427000 12.9483 24.327 108.714 145.989
428000 12.8052 25.3331 110.335 148.473
429000 12.0772 24.3753 109.335 145.787
430000 12.5878 24.2803 113.762 150.63
431000 12.5008 25.2578 112.492 150.251
432000 12.6491 25.0161 114.132 151.797
433000 12.4758 25.1443 113.346 150.966
434000 12.6903 24.8016 114.087 151.579
435000 12.6378 24.8713 113.148 150.657
436000 12.7944 24.6766 114.06 151.531
437000 12.8864 24.5307 112.629 150.046
438000 12.7367 23.9225 115.85 152.509
439000 13.5139 24.7131 114.156 152.383
440000 13.232 25.1613 115.762 154.155
441000 13.1471 24.6227 112.176 149.946
442000 13.4729 24.9781 111.481 149.932
443000 13.252 25.0614 115.27 153.584
444000 13.4731 24.7604 113.472 151.705
445000 13.6392 25.6288 114.32 153.588
446000 12.7317 24.0018 113.474 150.208
447000 12.9995 24.4488 114.596 152.044
448000 12.953 24.5083 116.6 154.061
449000 13.0568 24.7505 118.703 156.51
450000 12.5688 24.9563 117.568 155.094
451000 12.7475 24.964 117.979 155.691
452000 13.0908 25.4865 116.206 154.784
453000 12.2088 25.4204 117.26 154.889
454000 12.692 25.6394 118.816 157.148
455000 12.3621 24.806 117.572 154.741
456000 13.1498 25.3883 118.261 156.799
457000 12.7163 25.0377 118.738 156.492
458000 12.9866 24.9454 117.397 155.329
459000 13.0047 25.6815 118.738 157.424
460000 12.8726 25.5217 118.837 157.231
461000 13.4796 25.7553 119.751 158.985
462000 12.8503 26.4712 118.369 157.691
463000 12.445 26.1245 119.161 157.731
464000 12.8594 26.1296 123.885 162.874
465000 12.6968 25.349 122.276 160.322
466000 12.1692 26.5486 123.515 162.233
467000 13.4693 25.6066 124.223 163.299
468000 12.4252 25.5405 126.125 164.091
469000 12.6146 26.3287 128.961 167.904
470000 12.6696 25.8479 123.973 162.491
471000 12.4679 25.6921 120.978 159.138
472000 12.7587 25.1604 121.217 159.136
473000 12.315 25.5589 120.591 158.465
474000 12.6662 25.4045 120.055 158.125
475000 12.826 26.5784 123.011 162.416
476000 12.8796 25.8699 119.885 158.635
477000 12.6284 26.3188 122.14 161.087
478000 12.6398 26.0906 122.693 161.423
479000 12.5742 26.3266 122.415 161.315
480000 12.8552 26.063 119.159 158.077
481000 13.0779 26.5695 121.695 161.342
482000 12.4214 26.1211 118.928 157.47
483000 12.6209 26.0063 118.729 157.356
484000 12.4847 25.9468 118.122 156.553
485000 12.3366 25.892 117.937 156.166
486000 12.9215 25.9486 120.405 159.276
487000 13.0997 25.3089 121.541 159.949
488000 13.1753 25.7424 119.549 158.466
489000 13.8604 26.6163 120.018 160.494
490000 13.4308 25.6648 119.835 158.931
491000 13.7549 25.8344 120.922 160.511
492000 14.1311 26.0596 120.773 160.964
493000 14.2379 25.8593 124.12 164.217
494000 14.2271 26.0466 123.583 163.857
495000 14.1582 26.6627 126.207 167.027
496000 14.2034 26.7516 129.532 170.487
497000 14.3162 26.5929 128.915 169.824
498000 14.308 26.8561 130.394 171.559
499000 14.3033 26.3136 129.32 169.937
500000 14.1376 26.6332 129.511 170.282
