# Time-averaged data for fix msd_out
# TimeStep c_msd_li[1] c_msd_li[2] c_msd_li[3] c_msd_li[4]
0 3.19038e-30 1.68051e-31 1.30174e-31 3.4886e-30
1000 0.766399 0.565618 0.899081 2.2311
2000 1.14246 0.810381 1.72212 3.67496
3000 1.74242 1.65476 3.03807 6.43525
4000 2.03105 3.10124 4.37861 9.5109
5000 3.62615 2.43209 4.5606 10.6188
6000 4.29961 2.52921 7.04729 13.8761
7000 5.37084 2.86361 8.63061 16.8651
8000 5.82302 4.40249 9.97652 20.202
9000 7.16083 5.52619 10.8648 23.5518
10000 6.67449 7.35047 16.1238 30.1487
11000 7.65092 9.19081 16.0257 32.8675
12000 7.83691 9.51261 18.5054 35.8549
13000 8.6624 10.7855 19.3744 38.8223
14000 8.72738 10.65 20.7426 40.1199
15000 10.1313 11.6592 22.493 44.2836
16000 10.8184 13.3084 24.5618 48.6886
17000 10.9727 13.3498 26.9804 51.3029
18000 11.6321 14.4724 28.2607 54.3652
19000 13.1474 14.6127 30.0274 57.7875
20000 13.2889 13.7937 31.0876 58.1703
21000 13.1526 14.1818 31.4021 58.7365
22000 15.9473 15.8062 30.8619 62.6154
23000 17.2893 15.8674 32.0782 65.2348
24000 18.9877 16.9825 35.496 71.4661
25000 18.3305 16.4885 36.9566 71.7757
26000 20.6686 16.6276 36.8978 74.194
27000 19.971 18.7393 40.1742 78.8845
28000 19.868 19.3421 42.4715 81.6817
29000 19.5528 20.0188 47.7464 87.3181
30000 19.9285 21.7813 52.7787 94.4885
31000 19.0655 21.935 53.455 94.4554
32000 18.8547 24.3287 53.6203 96.8037
33000 19.5631 24.1248 52.4738 96.1616
34000 19.5695 26.4434 54.9864 100.999
35000 21.5532 27.2089 53.1772 101.939
36000 21.5361 25.378 52.6452 99.5593
37000 22.8394 26.3381 55.6277 104.805
38000 23.9973 26.6234 56.5488 107.169
39000 24.99 26.5775 55.4474 107.015
40000 26.0802 28.2672 58.2959 112.643
41000 27.5864 27.3833 63.6883 118.658
42000 27.5235 28.0924 62.6659 118.282
43000 27.0683 29.0492 61.6604 117.778
44000 28.3816 29.7384 60.101 118.221
45000 31.7532 28.4917 64.918 125.163
46000 36.7347 28.9159 64.526 130.177
47000 39.9511 29.5979 64.6463 134.195
48000 40.4746 29.7658 68.7549 138.995
49000 45.0495 30.1462 75.8678 151.064
50000 45.5633 30.2309 75.6412 151.435
51000 44.9389 30.0038 74.0628 149.006
52000 45.2608 30.4655 73.0408 148.767
53000 44.6753 32.9324 72.9481 150.556
54000 48.6322 33.8887 73.4299 155.951
55000 46.8377 34.9944 68.8361 150.668
56000 47.0839 34.9937 70.9161 152.994
57000 53.3374 35.7256 71.3952 160.458
58000 54.9529 38.8917 73.0217 166.866
59000 54.4126 38.0586 75.163 167.634
60000 53.2712 37.2957 75.1184 165.685
61000 54.3941 40.4092 73.5928 168.396
62000 55.568 37.901 74.6776 168.147
63000 56.5211 38.8076 72.7814 168.11
64000 54.7948 39.2961 73.0677 167.159
65000 52.9949 40.495 75.5598 169.05
66000 53.5916 41.3873 77.9834 172.962
67000 52.1528 41.1226 78.2198 171.495
68000 54.6474 42.2236 83.3683 180.239
69000 57.7319 42.4627 81.4249 181.62
70000 59.8819 40.7102 84.9277 185.52
71000 57.9985 41.7893 85.7614 185.549
72000 58.3296 41.9259 88.4592 188.715
73000 58.7345 46.2803 87.1805 192.195
74000 58.7043 43.9182 90.9042 193.527
75000 57.3253 42.0404 88.9537 188.319
76000 59.5899 42.2136 94.2527 196.056
77000 58.7903 44.546 90.9358 194.272
78000 58.8457 44.1961 94.9916 198.033
79000 59.9976 44.4396 90.9271 195.364
80000 62.7417 42.9208 94.0684 199.731
81000 62.0689 46.0892 99.1324 207.29
82000 61.1878 47.3323 92.6771 201.197
83000 61.8714 45.5673 97.8582 205.297
84000 64.5113 46.2433 101.86 212.614
85000 64.6711 49.2147 99.4996 213.385
86000 66.2354 48.3518 99.353 213.94
87000 67.286 48.3149 99.1764 214.777
88000 66.3799 48.7395 100.348 215.467
89000 67.3632 50.0036 103.25 220.617
90000 65.5598 49.5057 104.173 219.239
91000 65.555 48.2019 102.835 216.592
92000 69.0399 50.9867 100.34 220.366
93000 69.2383 54.1177 101.994 225.35
94000 72.2726 52.8542 100.023 225.15
95000 71.444 52.7588 95.9876 220.19
96000 74.5501 51.9158 97.3146 223.781
97000 73.6705 54.0211 95.7509 223.442
98000 81.2551 52.2611 97.1536 230.67
99000 78.2366 55.2691 94.9363 228.442
100000 76.8474 55.9071 99.4919 232.246
101000 75.8114 54.6041 98.9211 229.337
102000 78.7593 54.3266 97.9541 231.04
103000 78.3557 54.5117 97.7977 230.665
104000 80.1431 56.3964 97.7317 234.271
105000 80.2811 55.0664 99.7273 235.075
106000 83.1087 55.623 108.524 247.255
107000 82.4943 55.9711 110.205 248.671
108000 83.9877 59.1426 111.343 254.473
109000 85.6278 59.6195 119.151 264.398
110000 89.5114 59.9972 119.232 268.74
111000 91.1428 62.4965 119.747 273.386
112000 91.8743 64.8064 131.842 288.523
113000 91.6586 64.9541 130.295 286.907
114000 92.766 68.4545 133.986 295.207
115000 92.7309 67.6484 127.184 287.563
116000 94.9907 66.6735 130.453 292.118
117000 91.4462 63.9464 130.757 286.15
118000 93.5582 66.4072 133.455 293.421
119000 92.575 66.0774 133.323 291.975
120000 93.056 65.7586 136.662 295.476
121000 91.073 66.5229 134.975 292.571
122000 91.5129 68.4298 133.257 293.2
123000 91.1173 67.0468 134.338 292.502
124000 89.0885 63.6344 135.812 288.535
125000 91.5965 65.7676 138.948 296.313
126000 91.6032 65.4327 135.59 292.626
127000 90.8062 66.5345 139.04 296.381
128000 91.489 64.9655 139.956 296.411
129000 89.5479 64.5542 142.778 296.88
130000 92.2248 64.2207 138.547 294.992
131000 92.1169 65.4087 139.695 297.22
132000 97.5458 68.7671 133.927 300.239
133000 99.153 67.1814 132.991 299.325
134000 97.3093 68.2484 129.067 294.624
135000 99.9811 69.9758 124.088 294.045
136000 100.953 69.9428 123.366 294.262
137000 99.6971 70.0223 126.491 296.21
138000 101.556 69.3656 127.397 298.319
139000 100.157 71.1033 126.733 297.993
140000 103.379 72.3996 131.999 307.778
141000 101.741 73.9876 135.795 311.524
142000 103.462 72.1264 138.991 314.58
143000 102.055 71.6814 146.233 319.97
144000 100.481 71.7879 143.936 316.205
145000 101.528 72.4664 143.488 317.482
146000 96.1145 73.7884 141.615 311.518
147000 99.2445 72.0048 137.709 308.959
148000 96.3147 71.3555 140.922 308.592
149000 94.6218 69.5387 145.007 309.167
150000 95.8857 67.7113 149.978 313.575
151000 102.027 66.1188 144.695 312.841
152000 101.496 68.9196 143.611 314.026
153000 103.263 70.9588 144.92 319.142
154000 108.743 71.7757 151.664 332.183
155000 108.401 70.4063 150.992 329.799
156000 109.233 71.1508 149.431 329.815
157000 106.546 72.355 146.918 325.819
158000 106.455 73.6965 146.64 326.792
159000 103.585 72.6254 146.762 322.972
160000 109.024 76.6071 149.924 335.556
161000 110.045 82.378 152.519 344.943
162000 110.469 81.2973 156.638 348.404
163000 106.313 82.7787 157.436 346.528
164000 106.666 80.4281 153.971 341.065
165000 106.753 82.5456 155.95 345.249
166000 104.268 79.4181 159.313 342.999
167000 102.35 80.7789 161.027 344.155
168000 104.005 78.9545 164.929 347.888
169000 106.386 80.9201 164.754 352.06
170000 107.671 80.2898 169.156 357.117
171000 108.358 79.15 171.867 359.375
172000 106.458 80.3665 171.014 357.839
173000 110.175 79.9819 171.496 361.653
174000 108.454 82.001 173.615 364.07
175000 112.826 85.3159 167.12 365.262
176000 115.394 88.8614 168.649 372.904
177000 115.717 91.1926 174.947 381.857
178000 118.681 89.4376 165.661 373.78
179000 120.461 91.301 169.743 381.505
180000 120.489 87.2362 167.721 375.447
181000 115.598 88.6951 167.836 372.129
182000 115.567 89.2297 169.053 373.849
183000 116.645 85.3976 168.505 370.547
184000 112.422 89.0861 176.794 378.302
185000 111.588 92.2198 180.426 384.235
186000 111.542 98.3567 177.88 387.779
187000 113.628 95.0158 179.465 388.109
188000 114.443 92.5505 178.388 385.381
189000 107.746 99.3874 183.324 390.457
190000 104.992 97.5426 185.646 388.18
191000 106.485 99.4575 185.948 391.89
192000 104.625 103.245 188.065 395.936
193000 102.946 102.283 189.098 394.328
194000 104.032 102.938 191.93 398.9
195000 101.903 101.557 191.958 395.418
196000 100.158 106.883 181.607 388.649
197000 100.06 107.645 188.729 396.433
198000 99.2747 106.065 188.52 393.86
199000 99.3807 107.05 186.739 393.17
200000 99.6175 111.272 194.804 405.693
201000 99.333 109.037 187.207 395.577
202000 103.537 112.002 193.373 408.912
203000 102.249 110.622 201.842 414.713
204000 100.855 111.047 202.139 414.041
205000 105.311 109.441 204.124 418.876
206000 101.977 114.713 210.679 427.368
207000 104.241 113.98 208.119 426.34
208000 104.546 113.676 210.43 428.652
209000 107.028 113.195 210.388 430.61
210000 110.583 113.686 207.948 432.217
211000 109.215 117.016 206.986 433.217
212000 105.906 115.721 211.657 433.284
213000 105.568 117.778 210.595 433.942
214000 101.368 123.924 212.928 438.22
215000 102.061 125.928 210.001 437.991
216000 102.332 125.156 213.616 441.104
217000 101.949 127.926 213.06 442.935
218000 110.256 128.757 219.124 458.137
219000 107.084 124.633 218.945 450.662
220000 105.987 127.249 222.436 455.672
221000 104.91 130.041 221.149 456.1
222000 104.876 124.878 219.56 449.314
223000 104.005 128.054 220.041 452.1
224000 105.974 125.778 214.337 446.088
225000 105.595 131.621 212.747 449.963
226000 104.863 132.383 216.296 453.542
227000 110.289 132.808 219.22 462.316
228000 105.398 135.087 227.943 468.428
229000 108.765 134.677 240.89 484.332
230000 111.569 138.376 241.916 491.86
231000 108.23 134.878 243.36 486.468
232000 110.936 139.02 243.059 493.015
233000 111.048 140.336 249.089 500.473
234000 110.829 139.915 248.947 499.691
235000 110.655 141.353 249.507 501.516
236000 110.106 141.845 253.044 504.995
237000 111.75 144.505 257.039 513.294
238000 110.569 144.322 253.881 508.772
239000 111.18 145.044 261.662 517.887
240000 113.968 147.599 268.384 529.951
241000 113.767 147.461 264.26 525.488
242000 115.737 152.252 263.6 531.588
243000 113.92 157.977 269.269 541.166
244000 112.305 160.043 267.498 539.846
245000 115.729 162.131 273.118 550.977
246000 113.541 161.662 273.309 548.512
247000 111.825 154.394 274.763 540.982
248000 113.374 157.449 274.643 545.465
249000 113.181 158.976 280.524 552.682
250000 112.74 159.102 281.762 553.603
251000 113.389 161.308 275.193 549.89
252000 111.729 165.605 284.829 562.163
253000 110.275 163.487 295.797 569.559
254000 116.722 167.149 293.649 577.52
255000 116.628 172.179 297.688 586.495
256000 120.643 170.83 300.667 592.14
257000 121.821 170.299 305.583 597.703
258000 118.714 166.782 308.419 593.916
259000 118.966 172.717 312.795 604.477
260000 123.961 175.983 312.969 612.913
261000 125.401 180.142 314.418 619.961
262000 122.666 181.006 316.369 620.042
263000 116.933 181.701 310.584 609.218
264000 120.716 185.271 310.74 616.727
265000 118.479 189.204 318.712 626.394
266000 118.465 187.112 317.344 622.921
267000 116.528 188.083 330.358 634.969
268000 115.691 187.466 317.944 621.101
269000 116.657 190.897 317.302 624.855
270000 114.484 194.286 324.012 632.782
271000 111.863 194.148 333.927 639.939
272000 114.341 195.871 334.642 644.854
273000 112.501 197.286 331.948 641.735
274000 113.415 192.635 328.522 634.571
275000 117.406 204.168 331.691 653.265
276000 120.884 205.692 343.333 669.909
277000 122.251 205.471 346.026 673.748
278000 122.601 209.031 350.941 682.573
279000 128.5 204.382 352.845 685.727
280000 126.163 205.73 355.989 687.882
281000 127.826 213.772 352.307 693.905
282000 132.937 212.51 360.367 705.814
283000 131.092 221.655 360.941 713.688
284000 134.812 214.794 364.489 714.095
285000 134.189 214.418 352.475 701.083
286000 138.334 216.687 361.207 716.228
287000 137.301 215.696 351.446 704.442
288000 139.497 218.909 336.24 694.647
289000 140.978 222.815 340.185 703.978
290000 142.409 222.105 347.41 711.924
291000 142.7 219.355 346.854 708.909
292000 146.332 219.504 350.818 716.654
293000 146.338 216.81 345.758 708.906
294000 146.421 217.602 347.886 711.909
295000 150.987 218.096 358.021 727.103
296000 148.133 221.637 366.532 736.302
297000 144.467 220.796 369.523 734.786
298000 147.149 230.207 370.726 748.081
299000 143.174 229.824 378.513 751.511
300000 140.489 237.545 378.193 756.227
301000 145.154 236.139 376.611 757.904
302000 148.139 236.452 381.562 766.154
303000 151.948 238.597 383.368 773.913
304000 154.175 240.951 373.493 768.618
305000 153.636 237.742 366.415 757.793
306000 151.797 233.997 369.509 755.303
307000 157.931 247.547 363.312 768.789
308000 158.41 243.274 371.383 773.067
309000 157.929 240.728 364.426 763.083
310000 154.959 238.67 380.472 774.101
311000 155.255 241.292 383.524 780.071
312000 154.191 235.825 383.661 773.676
313000 158.142 239.643 387.607 785.393
314000 164.154 243.575 385.348 793.077
315000 165.977 243.575 392.339 801.891
316000 170.333 250.262 391.677 812.272
317000 175.185 248.488 391.988 815.661
318000 177.478 254.199 395.838 827.516
319000 175.536 250.969 386.802 813.307
320000 179.063 249.724 387.28 816.068
321000 179.351 253.957 394.773 828.081
322000 178.757 255.383 390.961 825.101
323000 179.184 254.112 392.88 826.177
324000 181.117 253.525 398.551 833.193
325000 179.534 247.288 400.682 827.504
326000 175.69 255.153 396.388 827.231
327000 176.117 256.794 405.757 838.668
328000 178.623 260.783 410.403 849.809
329000 179.294 255.286 401.69 836.271
330000 179.435 257.574 391.292 828.301
331000 186.156 261.307 396.002 843.465
332000 183.393 261.872 399.307 844.572
333000 183.719 263.777 407.972 855.468
334000 182.062 262.581 411.478 856.122
335000 184.737 266.26 416.377 867.374
336000 184.027 271.184 415.53 870.742
337000 183.056 272.618 407.368 863.043
338000 187.419 276.514 410.217 874.15
339000 182.785 276.826 411.563 871.175
340000 184.731 278.056 410.242 873.029
341000 184.295 279.775 416.652 880.723
342000 189.345 284.228 412.452 886.024
343000 192.554 284.428 411.787 888.769
344000 190.673 280.996 411.135 882.804
345000 199.114 278.601 409.276 886.992
346000 201.078 281.581 404.204 886.862
347000 198.046 284.808 408.287 891.141
348000 203.511 278.212 417.103 898.826
349000 202.868 283.41 406.471 892.749
350000 199.329 282.617 410.338 892.284
351000 196.247 288.27 417.198 901.715
352000 199.613 291.27 414.065 904.948
353000 198.333 290.229 409.415 897.977
354000 198.843 295.897 400.032 894.771
355000 200.032 297.791 399.636 897.458
356000 205.51 294.943 406.536 906.988
357000 205.477 297.508 406.399 909.383
358000 204.605 291.119 399.766 895.491
359000 208.77 289.966 398.612 897.348
360000 211.033 290.509 405.516 907.058
361000 212.575 290.258 399.548 902.381
362000 210.579 289.166 398.551 898.296
363000 213.988 288.419 402.705 905.112
364000 210.868 285.501 402.794 899.164
365000 216.51 290.363 406.321 913.193
366000 216.087 290.091 402.521 908.699
367000 219.191 288.82 419.035 927.047
368000 222.562 289.236 421.615 933.413
369000 224.262 292.109 416.446 932.817
370000 220.812 295.052 418.348 934.212
371000 224.588 293.387 414.11 932.086
372000 224.026 290.997 409.255 924.278
373000 227.088 293.237 412.881 933.206
374000 225.099 297.691 418.279 941.069
375000 227.105 298.976 424.166 950.247
376000 228.902 298.775 429.74 957.417
377000 223.176 300.293 422.679 946.148
378000 227.14 296.534 426.804 950.478
379000 227.569 305.164 433.201 965.934
380000 224.557 303.76 441.559 969.875
381000 223.957 307.951 451.902 983.809
382000 226.032 310.921 460.883 997.836
383000 226.404 303.167 460.422 989.993
384000 226.446 307.524 454.338 988.308
385000 228.82 305.826 453.03 987.676
386000 223.306 307.73 451.196 982.233
387000 223.6 309.533 447.437 980.57
388000 226.363 304.842 444.715 975.921
389000 227.805 308.252 445.183 981.239
390000 230.193 308.658 448.034 986.885
391000 239.253 309.236 454.915 1003.4
392000 245.764 311.444 458.829 1016.04
393000 248.532 315.562 473.07 1037.16
394000 251.178 313.225 467.076 1031.48
395000 249.747 318.757 470.285 1038.79
396000 253.239 317.401 470.494 1041.13
397000 251.672 317.904 464.482 1034.06
398000 248.693 319.415 467.505 1035.61
399000 251.582 316.291 478.692 1046.57
400000 252.161 321.005 485.803 1058.97
401000 251.114 321.654 488.362 1061.13
402000 254.439 319.453 481.777 1055.67
403000 255.15 322.97 483.778 1061.9
404000 255.999 323.84 483.435 1063.27
405000 258.056 322.832 486.329 1067.22
406000 260.244 325.813 481.306 1067.36
407000 255.776 328.94 484.43 1069.15
408000 253.545 325.609 472.275 1051.43
409000 257.511 332.802 480.742 1071.05
410000 254.625 331.6 484.461 1070.69
411000 256.817 329.921 493.28 1080.02
412000 256.603 335.838 484.453 1076.89
413000 259.883 335.461 485.99 1081.33
414000 260.294 335.146 494.994 1090.43
415000 261.922 330.103 497.475 1089.5
416000 264.316 331.019 508.094 1103.43
417000 261.117 333.492 503.229 1097.84
418000 265.169 328.526 502.808 1096.5
419000 266.005 334.683 503.431 1104.12
420000 262.013 330.424 512.076 1104.51
421000 267.703 328.09 515.881 1111.67
422000 270.266 327.177 509.433 1106.88
423000 270.476 324.641 505.645 1100.76
424000 273.739 329.619 516.96 1120.32
425000 275.692 321.746 520.958 1118.4
426000 274.749 320.959 517.092 1112.8
427000 272.7 320.974 527.568 1121.24
428000 277.457 325.307 537.372 1140.14
429000 275.047 320.989 528.022 1124.06
430000 275.277 325.588 531.579 1132.44
431000 271.92 325.092 543.133 1140.15
432000 262.714 332.107 527.921 1122.74
433000 264.785 333.909 530.687 1129.38
434000 266.886 338.88 527.964 1133.73
435000 268.278 337.489 527.933 1133.7
436000 273.266 340.538 523.965 1137.77
437000 270.365 342.507 532.858 1145.73
438000 265.502 342.822 542.481 1150.81
439000 268.784 344.063 531.759 1144.61
440000 267.662 342.876 536.832 1147.37
441000 268.431 349.005 541.831 1159.27
442000 275.704 342.678 551.113 1169.49
443000 275.618 353.69 545.482 1174.79
444000 273.701 353.314 556.108 1183.12
445000 275.8 359.123 567.434 1202.36
446000 273.439 357.839 568.963 1200.24
447000 271.255 361.498 577.856 1210.61
448000 267.353 357.786 577.164 1202.3
449000 273.86 360.539 571.96 1206.36
450000 278.72 356.07 565.402 1200.19
451000 274.202 358.637 556.337 1189.18
452000 280.436 356.785 552.36 1189.58
453000 284.014 360.042 556.51 1200.57
454000 280.632 358.049 556.333 1195.01
455000 281.755 362.688 562.859 1207.3
456000 283.262 369.833 571.394 1224.49
457000 280.522 374.901 572.366 1227.79
458000 280.014 377.227 566.632 1223.87
459000 283.743 375.234 577.488 1236.46
460000 289.138 381.3 578.746 1249.18
461000 288.5 381.627 579.346 1249.47
462000 289.873 376.786 567.258 1233.92
463000 280.686 379.022 564.33 1224.04
464000 283.814 379.688 569.089 1232.59
465000 287.042 375.972 560.795 1223.81
466000 286.589 375.619 559.615 1221.82
467000 294.827 382.094 563.163 1240.08
468000 295.929 379.585 561.318 1236.83
469000 290.075 376.955 563.548 1230.58
470000 292.905 376.935 560.865 1230.71
471000 298.212 376.379 567.728 1242.32
472000 295.227 374.968 570.713 1240.91
473000 301.827 378.794 558.984 1239.61
474000 302.165 382.587 558.171 1242.92
475000 306.453 386.086 560.881 1253.42
476000 309.844 380.777 578.478 1269.1
477000 306.264 381.583 571.014 1258.86
478000 313.445 378.982 576.173 1268.6
479000 318.5 382.645 579.475 1280.62
480000 320.848 378.772 574.752 1274.37
481000 319.32 379.968 570.368 1269.65
482000 319.163 381.634 571.916 1272.71
483000 320.996 393.628 581.732 1296.36
484000 320.224 389.814 579.542 1289.58
485000 314.423 389.618 572.659 1276.7
486000 317.663 391.551 576.155 1285.37
487000 314.138 397.569 583.497 1295.2
488000 321.565 401.472 579.386 1302.42
489000 326.01 404.404 577.686 1308.1
490000 329.73 402.272 583.932 1315.93
491000 329.86 406.137 595.264 1331.26
492000 324.01 406.044 600.447 1330.5
493000 324.123 405.28 596.705 1326.11
494000 326.668 408.79 596.132 1331.59
495000 329.555 419.253 607.411 1356.22
496000 331.903 418.277 596.043 1346.22
497000 333.1 414.298 601.378 1348.78
498000 334.404 416.21 597.697 1348.31
499000 341.715 419.327 598.156 1359.2
500000 340.632 422.816 594.517 1357.97
