# Time-averaged data for fix msd_out
# TimeStep c_msd_li[1] c_msd_li[2] c_msd_li[3] c_msd_li[4]
0 3.23158e-30 7.94521e-31 2.08539e-30 6.1115e-30
1000 1.73594 1.2989 1.29726 4.3321
2000 2.33726 3.78639 2.90863 9.03228
3000 5.09704 4.67062 6.53865 16.3063
4000 6.81188 5.30354 9.76482 21.8802
5000 9.34524 7.441 12.5074 29.2936
6000 9.8853 7.82959 14.9702 32.6851
7000 10.4414 8.03758 16.0915 34.5705
8000 10.8023 8.99432 16.8717 36.6683
9000 13.1488 8.84642 21.2592 43.2544
10000 12.7535 10.506 21.1842 44.4437
11000 14.3168 10.6743 22.7519 47.743
12000 16.1262 10.9406 23.328 50.3948
13000 16.4985 14.2788 24.3766 55.1539
14000 15.7789 13.9507 27.7686 57.4982
15000 16.5741 16.4643 25.8565 58.8949
16000 15.5729 18.0642 26.4623 60.0994
17000 15.8285 19.6369 25.0705 60.5358
18000 15.9268 20.0579 25.5347 61.5195
19000 18.1401 24.7877 25.4478 68.3756
20000 22.4465 26.3075 24.4369 73.1909
21000 22.2168 25.5584 25.1386 72.9139
22000 21.8532 27.8773 25.7049 75.4353
23000 22.927 30.9017 25.7569 79.5856
24000 22.5668 32.0468 27.5089 82.1224
25000 23.0686 32.008 28.2781 83.3547
26000 22.815 33.6332 29.7861 86.2343
27000 23.4972 34.9366 32.2304 90.6642
28000 24.7647 38.7036 29.1187 92.587
29000 26.6579 41.6926 30.3747 98.7252
30000 27.5031 44.6821 30.1552 102.34
31000 27.8973 46.8573 31.4574 106.212
32000 28.1484 47.5772 32.872 108.598
33000 28.0183 48.4345 31.7586 108.211
34000 35.196 50.4227 31.2746 116.893
35000 36.8151 51.8779 31.2927 119.986
36000 39.4147 52.8787 32.6429 124.936
37000 40.4551 56.9487 33.3934 130.797
38000 39.9857 55.5624 35.2488 130.797
39000 41.5516 58.194 38.1903 137.936
40000 39.0371 61.338 43.0906 143.466
41000 41.4623 61.5333 41.439 144.435
42000 41.8074 61.1503 40.9646 143.922
43000 41.8218 61.9973 42.1944 146.013
44000 42.7848 65.8203 42.8979 151.503
45000 45.8919 68.416 44.4916 158.799
46000 48.8073 67.8295 42.9635 159.6
47000 50.9533 71.661 47.0265 169.641
48000 51.2902 75.9229 46.9879 174.201
49000 51.7851 79.106 48.8959 179.787
50000 51.0267 76.0797 48.535 175.641
51000 53.1179 82.8442 52.4545 188.417
52000 56.4426 80.6422 55.584 192.669
53000 56.4967 79.6756 55.3963 191.569
54000 60.9932 89.396 55.847 206.236
55000 64.0791 92.2111 56.8512 213.141
56000 65.0108 96.7792 58.9559 220.746
57000 65.7105 95.1395 60.1824 221.032
58000 65.2489 95.6522 58.6321 219.533
59000 68.3138 99.5026 59.1542 226.971
60000 70.4807 99.8527 58.9116 229.245
61000 70.4306 97.7233 60.9155 229.069
62000 72.9568 100.27 60.4889 233.716
63000 71.4613 103.985 64.0188 239.465
64000 78.8361 107.639 69.9575 256.433
65000 72.2563 112.934 74.4911 259.681
66000 75.1271 113.607 78.2571 266.991
67000 77.4979 106.949 77.8357 262.282
68000 77.2857 109.217 86.4204 272.923
69000 76.1185 109.361 88.963 274.442
70000 80.7616 106.563 88.9199 276.245
71000 83.732 104.778 93.6717 282.181
72000 85.1602 106.575 94.8014 286.537
73000 82.8704 109.407 90.7799 283.057
74000 80.5246 111.866 99.5981 291.989
75000 81.4067 111.223 103.096 295.726
76000 85.8323 111.847 103.379 301.059
77000 86.9899 110.9 107.32 305.21
78000 87.6775 119.529 108.421 315.628
79000 90.7769 117.203 107.97 315.949
80000 93.6011 126.706 109.422 329.73
81000 93.9457 127.39 116.068 337.404
82000 97.1638 136.004 117.311 350.479
83000 97.7353 138.176 120.92 356.831
84000 97.556 134.958 114.182 346.696
85000 99.5076 137.23 115.622 352.36
86000 97.0531 134.053 130.419 361.524
87000 98.9494 142.157 135.753 376.859
88000 105.996 141.528 135.203 382.727
89000 107.654 146.152 131.894 385.7
90000 104.953 151.328 128.589 384.869
91000 105.761 159.883 129.771 395.416
92000 105.843 168.984 141.059 415.887
93000 112.618 164.433 139.526 416.577
94000 113.964 162.941 141.422 418.326
95000 116.526 163.186 138.276 417.987
96000 118.701 163.644 135.954 418.299
97000 116.6 169.317 135.797 421.715
98000 117.131 166.953 135.622 419.706
99000 120.285 166.013 141.196 427.494
100000 119.36 170.85 141.275 431.485
101000 122.042 169.244 144.552 435.838
102000 120.343 177.112 144.965 442.42
103000 120.363 180.411 138.77 439.544
104000 120.436 174.777 143.806 439.019
105000 119.034 176.559 152.275 447.868
106000 120.787 181.334 146.956 449.078
107000 126.24 188.303 148.568 463.111
108000 119.071 180.59 154.733 454.394
109000 123.556 187.763 158.492 469.812
110000 123.257 188.146 155.685 467.089
111000 122.245 194.391 150.071 466.707
112000 126.156 195.402 152.05 473.608
113000 129.83 207.776 158.845 496.451
114000 136.729 212.825 159.502 509.056
115000 132.383 211.516 169.632 513.531
116000 132.526 209.023 172.018 513.567
117000 135.67 212.637 167.061 515.369
118000 139.135 216.637 166.894 522.666
119000 141.487 206.979 169.172 517.639
120000 144.061 210.784 177.377 532.222
121000 147.347 207.034 176.208 530.589
122000 145.067 206.355 175.767 527.189
123000 150.383 208.189 182.009 540.581
124000 149.033 210.451 177.597 537.08
125000 154.273 212.17 177.978 544.421
126000 154.568 212.44 178.937 545.945
127000 153.852 209.479 180.089 543.42
128000 156.684 214.5 180.771 551.955
129000 157.057 214.022 183.13 554.21
130000 161.205 214.258 185.332 560.794
131000 163.221 218.286 186.1 567.607
132000 164.949 219.756 180.085 564.79
133000 167.779 217.706 183.291 568.776
134000 167.718 227.265 188.449 583.432
135000 166.384 221.79 193.539 581.712
136000 165.744 218.961 199.421 584.126
137000 163.586 214.732 196.74 575.059
138000 158.988 207.969 193.542 560.499
139000 166.719 220.011 196.548 583.278
140000 163.733 220.488 196.824 581.045
141000 166.774 217.87 198.321 582.965
142000 165.63 222.242 195.664 583.536
143000 172.915 224.113 196.422 593.449
144000 168.251 223.922 194.207 586.381
145000 168.379 226.264 191.975 586.618
146000 164.476 228.344 190.272 583.093
147000 168.44 223.671 192.882 584.993
148000 169.076 222.167 193.169 584.413
149000 173.379 224.984 194.454 592.817
150000 169.318 238.032 198.622 605.972
151000 166.445 235.989 195.238 597.672
152000 167.979 232.865 191.726 592.57
153000 171.155 233.762 195.147 600.064
154000 170.49 235.502 196.974 602.967
155000 167.979 230.514 196.033 594.526
156000 170.915 229.978 197.143 598.036
157000 176.819 229.519 198.949 605.288
158000 178.611 231.254 198.265 608.13
159000 186.768 228.124 194.808 609.7
160000 193.423 229.095 202.076 624.594
161000 200.114 231.674 211.873 643.661
162000 199.598 236.736 215.527 651.862
163000 201.549 242.523 222.312 666.384
164000 208.841 239.17 212.455 660.466
165000 204.283 238.55 203.368 646.202
166000 201.447 235.938 194.37 631.755
167000 204.049 241.5 195.63 641.179
168000 205.447 243.365 199.264 648.076
169000 204.307 239.283 195.685 639.275
170000 198.872 245.923 194.167 638.961
171000 209.697 249.233 196.101 655.032
172000 202.095 240.705 193.305 636.105
173000 210.398 253.383 193.2 656.98
174000 213.827 259.849 196.138 669.814
175000 213.911 253.507 191.849 659.267
176000 218.966 256.358 193.389 668.713
177000 215.804 257.106 196.938 669.849
178000 219.415 258.338 193.866 671.618
179000 217.251 267.835 187.659 672.744
180000 221.635 258.027 191.547 671.21
181000 230.631 257.646 189.331 677.608
182000 232.983 261.719 192.308 687.01
183000 228.872 264.842 192.168 685.882
184000 229.684 269.978 200.345 700.007
185000 227.713 267.563 193.459 688.735
186000 227.041 270.587 189.414 687.043
187000 229.37 269.373 185.115 683.858
188000 232.858 272.538 195.476 700.872
189000 225.067 274.008 193.801 692.876
190000 220.211 272.704 193.768 686.683
191000 213.475 269.302 199.855 682.632
192000 218.995 280.023 199.875 698.892
193000 222.862 280.356 202.996 706.214
194000 231.622 278.974 199.753 710.348
195000 228.886 279.532 198 706.417
196000 232.863 278.767 198.887 710.517
197000 233.303 276.87 196.218 706.392
198000 236.941 268.946 200.12 706.007
199000 236.68 271.865 204.122 712.666
200000 241.331 279.274 197.821 718.426
201000 241.595 289.772 193.956 725.322
202000 240.42 287.147 194.429 721.996
203000 235.828 291.841 189.124 716.793
204000 236.353 283.932 195.04 715.324
205000 242.221 284.056 197.628 723.905
206000 241.033 284.586 205.969 731.589
207000 248.976 285.774 204.048 738.798
208000 247.065 291.132 212.454 750.651
209000 247.793 295.708 213.282 756.782
210000 247.443 295.842 208.054 751.339
211000 246.128 306.297 208.062 760.487
212000 253.018 301.046 204.783 758.847
213000 247.106 307.928 210.411 765.444
214000 248.167 301.302 214.191 763.659
215000 255.808 305.618 223.776 785.201
216000 256.735 299.031 225.123 780.888
217000 256.965 290.929 219.819 767.713
218000 259.444 289.509 222.199 771.152
219000 263.377 292.709 224.874 780.961
220000 271.435 300.32 233.763 805.518
221000 264.705 301.911 232.015 798.631
222000 268.416 295.742 228.985 793.143
223000 265.732 293.67 236.556 795.958
224000 274.321 291.066 232.368 797.755
225000 270.75 293.694 246.616 811.059
226000 271.359 296.242 249.707 817.308
227000 266.375 292.324 244.667 803.366
228000 264.013 291.428 234.626 790.068
229000 265.129 296.547 230.357 792.033
230000 270.147 297.272 242.776 810.194
231000 278.208 296.633 244.466 819.308
232000 278.438 296.572 247.921 822.932
233000 266.906 298.227 244.196 809.329
234000 264.225 287.234 253.847 805.306
235000 266.942 292.964 259.335 819.241
236000 270.723 294.524 251.893 817.14
237000 264.881 302.291 262.755 829.927
238000 261.063 298.899 268.794 828.755
239000 258.41 297.885 272.156 828.451
240000 262.618 304.399 268.843 835.859
241000 267.115 307.078 262.775 836.967
242000 265.778 317.92 261.764 845.462
243000 276.565 326.253 263.992 866.811
244000 272.499 329.648 277.56 879.708
245000 265.545 320.44 288.372 874.357
246000 263.707 319.683 285.73 869.12
247000 267.47 327.084 289.492 884.045
248000 262.309 329.578 292.893 884.78
249000 270.266 330.517 289.61 890.393
250000 262.571 341.461 295.583 899.614
251000 274.308 338.633 298.711 911.653
252000 272.962 339.686 299.336 911.984
253000 283.736 335.326 293.851 912.913
254000 282.448 339.913 292.72 915.081
255000 276.065 338.829 302.505 917.398
256000 277.14 339.793 305.823 922.756
257000 272.063 340.336 300.523 912.922
258000 275.998 343.906 308.674 928.578
259000 276.619 341.737 315.158 933.513
260000 281.124 336.914 312.748 930.786
261000 284.101 340.927 314.376 939.404
262000 284.964 343.583 311.458 940.005
263000 292.148 343.291 320.421 955.861
264000 291.027 346.959 317.68 955.666
265000 291.382 342.514 316.094 949.99
266000 293.602 347.636 327.354 968.591
267000 292.698 354.323 325.292 972.313
268000 288.814 344.934 326.589 960.337
269000 285.832 345.259 317.262 948.352
270000 290.898 346.721 325.332 962.951
271000 294.846 355.544 330.66 981.05
272000 296.686 360.956 331.741 989.383
273000 291.922 368.041 334.021 993.984
274000 296.256 361.48 339.023 996.76
275000 300.664 361.449 341.026 1003.14
276000 292.333 365.548 348.699 1006.58
277000 301.082 360.347 351.791 1013.22
278000 309.101 375.019 349.682 1033.8
279000 309.124 379.425 356.048 1044.6
280000 313.668 374.351 356.727 1044.75
281000 320.437 374.582 357.047 1052.07
282000 323.336 376.722 354.823 1054.88
283000 335.321 387.224 349.912 1072.46
284000 341.32 392.474 352.783 1086.58
285000 349.23 396.507 354.249 1099.99
286000 359.841 394.146 355.396 1109.38
287000 354.962 398.854 352.654 1106.47
288000 344.896 402.273 350.442 1097.61
289000 359.287 407.358 348.262 1114.91
290000 359.116 401.627 343.498 1104.24
291000 355.055 402.365 340.593 1098.01
292000 359.867 400.804 341.92 1102.59
293000 357.431 401.076 339.874 1098.38
294000 354.837 400.462 337.498 1092.8
295000 356.258 407.92 346.427 1110.6
296000 365.683 407.909 343.572 1117.16
297000 362.573 409.238 342.557 1114.37
298000 366.985 403.929 341.007 1111.92
299000 369.708 398.659 340.534 1108.9
300000 365.94 400.269 338.615 1104.82
301000 367.087 403.511 347.217 1117.82
302000 361.75 403.071 337.579 1102.4
303000 363.109 406.869 348.916 1118.89
304000 366.647 414.666 359.723 1141.03
305000 366.647 405.152 359.987 1131.79
306000 366.493 405.668 353.654 1125.81
307000 371.542 405.743 362.428 1139.71
308000 370.048 408.88 371.561 1150.49
309000 369.268 413.297 373.318 1155.88
310000 380.587 415.188 386.737 1182.51
311000 384.82 420.555 400.289 1205.66
312000 380.06 433.177 391.638 1204.88
313000 382.198 431.835 385.8 1199.83
314000 382.177 430.584 391.295 1204.06
315000 390.406 437.824 389.643 1217.87
316000 398 445.043 379.089 1222.13
317000 401.168 447.869 374.847 1223.88
318000 401.268 453.42 378.274 1232.96
319000 408.805 464.332 386.365 1259.5
320000 402.373 468.312 384.427 1255.11
321000 402.892 468.102 386.967 1257.96
322000 397.92 473.339 392.41 1263.67
323000 394.683 473.241 390.834 1258.76
324000 401.704 473.842 386.652 1262.2
325000 395.501 480.254 384.843 1260.6
326000 401.431 487.975 403.114 1292.52
327000 392.444 482.788 398.028 1273.26
328000 402.068 485.686 396.174 1283.93
329000 398.364 486.458 391.555 1276.38
330000 407.527 481.333 393.356 1282.22
331000 409.156 474.805 391.342 1275.3
332000 417.197 481.301 395.546 1294.04
333000 413.456 475.387 392.153 1281
334000 416.23 482.075 391.476 1289.78
335000 414.169 470.139 394.301 1278.61
336000 411.953 472.74 382.884 1267.58
337000 409.693 469.506 392.55 1271.75
338000 400.293 478.527 389.013 1267.83
339000 408.562 473.298 388.545 1270.4
340000 410.661 469.752 394.458 1274.87
341000 402.99 484.006 400.271 1287.27
342000 399.228 475.74 397.157 1272.12
343000 405.068 481.361 396.053 1282.48
344000 412.483 475.24 395.812 1283.54
345000 414.656 478.536 403.712 1296.9
346000 407.803 476.707 388.147 1272.66
347000 412.678 485.511 384.44 1282.63
348000 405.503 487.304 386.389 1279.2
349000 419.739 484.812 396.458 1301.01
350000 404.451 491.462 391.207 1287.12
351000 409.334 492.719 397.428 1299.48
352000 424.412 492.221 386.12 1302.75
353000 418.21 488.983 387.677 1294.87
354000 431.346 486.11 397.022 1314.48
355000 430.284 490.209 395.557 1316.05
356000 437.496 483.271 389.259 1310.03
357000 448.07 471.066 387.115 1306.25
358000 446.507 467.947 407.33 1321.78
359000 445.56 469.509 411.201 1326.27
360000 446.054 469.754 415.403 1331.21
361000 455.656 477.859 419.921 1353.44
362000 449.861 489.133 436.84 1375.83
363000 454.609 499.206 431.03 1384.85
364000 454.926 503.574 432.723 1391.22
365000 460.08 500.989 424.777 1385.85
366000 464.052 511.566 416.889 1392.51
367000 477.687 495.769 426.937 1400.39
368000 481.163 500.825 415.521 1397.51
369000 482.406 505.185 421.254 1408.85
370000 488.95 508.097 423.918 1420.96
371000 492.759 514.701 428.807 1436.27
372000 492.783 524.85 422.076 1439.71
373000 494.952 528.955 417.088 1440.99
374000 495.783 535.33 430.786 1461.9
375000 499.177 545.143 434.717 1479.04
376000 497.601 541.376 428.826 1467.8
377000 493.855 535.568 429.062 1458.48
378000 493.646 533.561 435.214 1462.42
379000 501.013 527.726 431.073 1459.81
380000 489.979 527.398 437.893 1455.27
381000 484.153 532.313 448.339 1464.8
382000 487.054 533.253 450.768 1471.07
383000 487.144 534.949 449.369 1471.46
384000 494.041 539.1 444.561 1477.7
385000 492.273 539.02 457.163 1488.46
386000 499.988 531.063 459.498 1490.55
387000 498.627 533.747 447.005 1479.38
388000 490.605 547.162 465.177 1502.94
389000 497.911 548.168 468.566 1514.65
390000 500.174 549.145 477.751 1527.07
391000 499.84 554.301 482.462 1536.6
392000 508.199 566.119 472.627 1546.95
393000 504.4 566.05 474.77 1545.22
394000 501.354 581.824 463.539 1546.72
395000 503.846 578.111 462.139 1544.1
396000 511.056 579.9 472.365 1563.32
397000 520.825 586.423 478.048 1585.3
398000 519.311 599.987 489.02 1608.32
399000 533.845 594.132 480.179 1608.16
400000 531.127 596.162 477.015 1604.3
401000 532.953 582.806 482.962 1598.72
402000 537.988 588.268 473.263 1599.52
403000 536.807 582.202 455.926 1574.93
404000 542.906 603.461 442.141 1588.51
405000 551.559 609.779 442.916 1604.25
406000 552.671 608.548 438.809 1600.03
407000 560.142 607.452 440.687 1608.28
408000 557.493 604.821 427.965 1590.28
409000 554.584 601.315 427.587 1583.49
410000 554.746 602.936 440.614 1598.3
411000 565.244 612.516 450.744 1628.5
412000 559.889 618.532 449.029 1627.45
413000 559.762 604.047 451.025 1614.83
414000 552.553 608.036 448.099 1608.69
415000 548.161 593.57 451.095 1592.83
416000 551.555 591.637 457.605 1600.8
417000 546.529 602.545 459.209 1608.28
418000 541.519 604.017 458.928 1604.46
419000 538.765 601.914 458.272 1598.95
420000 552.546 608.731 456.499 1617.78
421000 556.989 612.894 454.752 1624.63
422000 565.385 599.188 466.354 1630.93
423000 567.757 596.462 449.757 1613.98
424000 588.927 601.762 458.233 1648.92
425000 584.563 606.944 456.209 1647.72
426000 585.128 600.602 455.978 1641.71
427000 601.022 600.177 455.864 1657.06
428000 601.986 605.077 444.116 1651.18
429000 602.533 605.704 444.733 1652.97
430000 604.837 600.29 446.989 1652.12
431000 607.911 606.062 439.253 1653.23
432000 618.537 600.038 461.944 1680.52
433000 625.74 594.77 451.542 1672.05
434000 628.608 601.891 453.128 1683.63
435000 629.556 588.861 455.028 1673.45
436000 630.558 593.962 448.058 1672.58
437000 640.87 594.233 441.103 1676.21
438000 636.969 596.842 437.203 1671.01
439000 629.242 597.564 437.037 1663.84
440000 630.302 603.109 437.492 1670.9
441000 632.348 602.647 437.225 1672.22
442000 620.575 609.305 430.732 1660.61
443000 609.86 618.079 432.752 1660.69
444000 612.421 625.208 438.178 1675.81
445000 617.062 632.687 427.519 1677.27
446000 607.441 634.11 432.555 1674.11
447000 610.9 642.745 435.349 1688.99
448000 616.931 649.025 432.395 1698.35
449000 622.565 630.007 430.157 1682.73
450000 632.694 642.79 428.999 1704.48
451000 628.148 656.487 437.239 1721.87
452000 639.401 656.905 432.098 1728.4
453000 645.991 654.379 436.252 1736.62
454000 645.106 651.662 441.072 1737.84
455000 638.585 654.587 425.267 1718.44
456000 637.897 638.051 424.403 1700.35
457000 648.049 646.338 425.992 1720.38
458000 648.802 641.845 419.981 1710.63
459000 629.31 647.209 412.716 1689.24
460000 641.089 641.126 417.865 1700.08
461000 639.054 630.598 415.3 1684.95
462000 655.102 631.96 418.997 1706.06
463000 654.517 632.39 421.555 1708.46
464000 658.08 624.788 434.836 1717.7
465000 654.341 618.912 436.019 1709.27
466000 673.064 637.735 436.118 1746.92
467000 676.138 632.977 442.107 1751.22
468000 678.228 627.407 448.084 1753.72
469000 689.284 616.399 444.67 1750.35
470000 687.857 623.911 444.389 1756.16
471000 696.469 633.051 428.335 1757.86
472000 696.664 646.053 423.008 1765.73
473000 694.256 651.751 409.183 1755.19
474000 702.518 660.089 406.12 1768.73
475000 699.191 662.219 407.689 1769.1
476000 688.416 640.533 412.732 1741.68
477000 698.734 638.98 419.277 1756.99
478000 698.494 637.404 423.538 1759.44
479000 708.923 652.496 436.919 1798.34
480000 708.406 672.44 441.834 1822.68
481000 716.696 675.595 442.737 1835.03
482000 708.556 684.498 433.637 1826.69
483000 696.822 687.488 438.288 1822.6
484000 709.72 699.241 432.279 1841.24
485000 705.016 701.063 437.196 1843.28
486000 707.664 710.408 448.297 1866.37
487000 718.285 697.251 442.686 1858.22
488000 712.221 712.73 451.753 1876.7
489000 709.976 713.158 440.661 1863.8
490000 705.266 717.069 434.732 1857.07
491000 720.384 742.075 426.818 1889.28
492000 718.197 735.318 429.86 1883.38
493000 720.905 738.888 443.249 1903.04
494000 707.345 752.565 442.624 1902.54
495000 715.656 751.307 449.947 1916.91
496000 725.56 763.475 453.068 1942.1
497000 742.126 766.989 458.58 1967.69
498000 733.766 767.852 464.589 1966.21
499000 736.195 762.77 469.256 1968.22
500000 718.177 771.791 460.89 1950.86
